0.000 5.34
0.500 288.02
1.000 305.69
1.500 308.30
2.000 292.99
2.500 268.15
3.000 306.62
3.500 318.84
4.000 317.77
4.500 304.55
5.000 307.15
5.500 310.41
6.000 347.96
6.500 287.65
7.000 300.54
7.500 313.87
8.000 317.67
8.500 311.45
9.000 279.71
9.500 284.21
10.000 298.90
10.500 278.52
11.000 296.05
11.500 283.21
12.000 298.75
12.500 310.61
13.000 304.33
13.500 323.39
14.000 307.23
14.500 303.88
15.000 316.25
15.500 284.28
16.000 311.05
16.500 279.15
17.000 288.67
17.500 285.80
18.000 321.91
18.500 308.26
19.000 310.29
19.500 305.79
20.000 289.91
20.500 331.77
21.000 276.85
21.500 314.06
22.000 305.18
22.500 324.38
23.000 304.63
23.500 305.20
24.000 304.57
24.500 295.91
25.000 292.40
25.500 305.82
26.000 287.88
26.500 312.97
27.000 293.44
27.500 302.36
28.000 304.17
28.500 288.07
29.000 269.91
29.500 287.10
30.000 286.72
30.000 301.98
30.000 18.85
