748.7518 2.8024 745.9494 0.000 748.752
942.6248 151.0990 791.5258 0.500 942.625
907.8481 160.3711 747.4770 1.000 907.848
914.3028 161.7408 752.5620 1.500 914.303
931.5093 153.7064 777.8028 2.000 931.509
922.7798 140.6739 782.1058 2.500 922.78
938.8794 160.8581 778.0214 3.000 938.88
935.8449 167.2720 768.5730 3.500 935.845
924.0358 166.7091 757.3267 4.000 924.036
929.0333 159.7706 769.2627 4.500 929.033
906.0814 161.1374 744.9440 5.000 906.081
915.9077 162.8448 753.0629 5.500 915.908
939.4565 182.5462 756.9103 6.000 939.457
905.0207 150.9078 754.1129 6.500 905.021
902.5649 157.6672 744.8977 7.000 902.565
926.6071 164.6645 761.9426 7.500 926.607
915.5824 166.6552 748.9272 8.000 915.582
926.6719 163.3928 763.2791 8.500 926.672
907.1030 146.7409 760.3621 9.000 907.103
908.7981 149.1032 759.6949 9.500 908.798
910.0018 156.8066 753.1951 10.000 910.002
899.2717 146.1184 753.1533 10.500 899.272
902.8048 155.3151 747.4897 11.000 902.805
906.5587 148.5789 757.9797 11.500 906.559
909.2976 156.7303 752.5673 12.000 909.298
921.3275 162.9542 758.3734 12.500 921.328
922.0196 159.6555 762.3641 13.000 922.02
911.3691 169.6566 741.7125 13.500 911.369
924.8683 161.1779 763.6904 14.000 924.868
930.4439 159.4192 771.0247 14.500 930.444
919.2467 165.9105 753.3362 15.000 919.247
911.2740 149.1382 762.1358 15.500 911.274
937.4874 163.1829 774.3044 16.000 937.487
911.9124 146.4497 765.4627 16.500 911.912
910.8977 151.4403 759.4575 17.000 910.898
909.7445 149.9371 759.8074 17.500 909.745
933.3175 168.8802 764.4374 18.000 933.318
936.7711 161.7170 775.0540 18.500 936.771
932.7521 162.7826 769.9695 19.000 932.752
913.0180 160.4245 752.5935 19.500 913.018
912.2447 152.0899 760.1548 20.000 912.245
924.9188 174.0508 750.8681 20.500 924.919
914.3337 145.2423 769.0913 21.000 914.334
941.0018 164.7630 776.2388 21.500 941.002
956.7055 160.1030 796.6025 22.000 956.706
941.3304 170.1767 771.1536 22.500 941.33
938.4321 159.8158 778.6162 23.000 938.432
937.9297 160.1124 777.8173 23.500 937.93
953.1853 159.7850 793.4003 24.000 953.185
929.8052 155.2388 774.5664 24.500 929.805
921.5352 153.4005 768.1347 25.000 921.535
931.5704 160.4375 771.1329 25.500 931.57
942.0499 151.0270 791.0229 26.000 942.05
954.2697 164.1915 790.0782 26.500 954.27
949.9660 153.9437 796.0223 27.000 949.966
961.1702 158.6245 802.5457 27.500 961.17
941.5528 159.5731 781.9797 28.000 941.553
940.3247 151.1279 789.1968 28.500 940.325
950.5540 141.5982 808.9558 29.000 950.554
964.9957 150.6182 814.3775 29.500 964.996
965.1432 150.4179 814.7253 30.000 965.143
926.6801 158.4256 768.2545 30.000 926.68
18.0520 9.8871 16.4534 30.000 26.3405
