   54.7332   295.7275   128.4090  -508.1302  -155.6037     0.0000
   51.3204   292.3619   176.5980  -494.7423  -164.7991     0.1822
   40.6154   273.9238   164.5827  -488.9232  -163.0629     0.3793
   52.5044   281.5944   153.4570  -484.6533  -168.5328     0.3528
   62.5486   294.2701   155.3607  -483.6872  -169.1747     0.0033
   61.3354   295.8334   159.5252  -485.3005  -166.1418     0.3223
   49.8555   300.8227   156.6861  -477.8654  -172.1391     0.0235
   52.7528   300.5736   153.1053  -481.4090  -169.9071     1.4865
   53.5885   282.8922   158.6770  -481.7019  -169.5265     0.0094
   51.7771   288.5876   163.6667  -474.4857  -173.4646     0.7775
   54.8912   271.9225   156.3424  -485.2507  -168.1529     0.5474
   50.6747   283.7084   153.8732  -490.3341  -166.9201     0.2015
   44.7165   287.8562   156.4214  -489.6932  -165.8568     0.4661
   57.1431   278.8434   155.6458  -484.0912  -166.8979     1.1730
   43.4741   280.5648   154.2723  -478.4555  -169.6551     0.1748
   64.6949   278.1458   155.8169  -484.0565  -168.1814     1.6656
   48.7076   280.4064   155.5650  -481.3358  -168.8140     2.5494
   46.3562   301.9745   150.1547  -485.4160  -168.7322     3.3462
   49.9274   293.8810   152.4111  -478.8689  -171.8532     3.9605
   55.1830   287.7643   154.6379  -477.8117  -172.3430     5.0545
   49.4808   289.2168   150.6724  -481.8047  -167.7125     8.0559
   53.0761   285.9590   151.6387  -486.0748  -166.5863    10.5415
   53.7213   283.1761   147.7450  -484.1761  -169.3647     9.8492
   52.2761   284.3205   159.9518  -475.4689  -171.3439    11.7533
   50.0446   283.1346   158.7741  -478.4081  -171.5376    18.5052
   55.6928   291.5851   155.7122  -473.9837  -173.8763    18.8528
   59.6780   292.7419   153.9248  -483.0330  -169.5562    23.6505
   43.3522   285.9680   149.3235  -491.4802  -164.6810    26.3785
   66.0102   285.6159   156.8864  -475.6613  -171.5952    28.8620
   62.1539   301.5704   148.1393  -476.5592  -170.7430    35.9818
   63.9636   276.6275   154.9387  -488.5021  -167.2290    38.6324
   58.6057   297.7777   151.3267  -476.4628  -172.3310    40.5880
   66.6436   298.9960   151.7564  -475.4246  -171.5572    45.7384
   61.2072   293.8060   152.9020  -481.9123  -170.5613    52.0057
   57.3938   289.3954   153.4559  -476.7118  -170.9369    58.4667
   58.5364   288.1455   152.7558  -475.3069  -171.2133    62.1247
   60.6301   303.2352   148.3012  -476.4212  -172.8577    62.5473
   65.6433   306.7972   148.5059  -477.3721  -169.3175    65.8069
   70.2638   299.6644   146.1338  -479.7123  -170.1199    80.5257
   55.1926   286.5583   154.3451  -467.7428  -174.4550    98.5882
   63.1496   279.9507   158.0608  -479.3414  -168.7725   106.6326
   60.3498   285.0150   151.4207  -478.9888  -171.2725   110.1003
   78.2066   284.6794   154.5481  -486.1360  -166.7945   110.0881
   65.5952   299.4699   153.7463  -487.5621  -164.3535   114.6459
   83.6519   311.5229   151.3001  -483.2112  -167.5579   117.3950
   70.5803   291.3467   151.8447  -489.4924  -162.8873   138.4814
   83.5783   289.5533   154.4585  -476.7726  -171.0244   142.8069
   84.3016   296.3002   145.6558  -484.2032  -168.1582   147.4380
   78.8144   308.2291   153.2391  -474.8359  -169.8769   157.7898
   66.8155   306.9795   144.7275  -480.3629  -167.6928   173.4246
   72.2662   298.1724   143.1239  -487.4809  -165.4582   191.8782
   71.6496   290.9696   158.0962  -476.8335  -171.7110   192.4699
   86.5832   293.6854   154.0335  -482.6407  -167.9272   207.4540
   82.9479   301.8601   151.9308  -478.4775  -170.6406   216.2165
   90.3899   300.9333   151.5325  -477.4629  -169.1978   216.2659
   95.9477   300.2398   153.4429  -485.2559  -166.4067   233.1387
   87.5703   296.0782   146.8340  -477.8052  -169.4512   245.4188
   77.9633   308.3787   149.8006  -477.3441  -169.3037   266.1919
  103.0374   311.9518   146.7963  -475.6451  -169.5141   257.8711
  109.2766   306.4494   149.1207  -475.8077  -170.3066   274.1065
  100.0332   313.5214   154.4158  -467.0275  -175.7263   299.0035
